2816
256
256
256
3328
256
256
256
4608
256
256
256
2560
256
256
256
3328
256
512
256
2560
256
256
256
3328
256
256
256
5888
256
256
256
3328
256
256
256
1280
256
256
256
5888
256
256
256
2048
256
512
256
5888
256
256
256
3328
256
256
256
5888
256
256
256
4352
256
256
256
2048
256
256
256
1536
256
256
256
3840
256
256
256
5888
256
256
256
5120
256
256
256
5120
256
256
256
2048
256
256
256
3584
256
256
256
3072
256
256
256
3328
256
256
256
5888
256
256
256
3328
256
512
256
5632
256
256
256
3328
256
256
256
4608
256
256
256
3328
256
256
256
4608
256
256
256
5632
256
256
256
2304
256
512
256
3584
256
256
256
2816
256
256
256
3328
256
256
256
3328
256
256
256
4864
256
256
256
512
256
256
256
1536
256
256
256
3072
256
256
256
1280
256
256
256
768
256
256
256
2816
256
512
256
512
256
256
256
512
256
256
256
2304
256
256
256
3072
256
256
256
